8.33251
2.14288
6.69123
3.50648
9.61756
2.41852
9.6145
8.20252
4.79585
8.12986
6.90167
8.64216
7.10862
7.68819
6.8993
7.35441
3.49231
1.87419
7.25346
9.552
4.9487
7.88965
2.68185
5.01028
7.38428
3.48423
6.89588
2.07098
9.6377
6.26741
7.7614
5.55361
9.01813
5.92494
2.34365
8.56646
8.32856
9.36337
2.76936
6.5444
4.16494
6.26738
9.25474
7.8148
4.42401
1.68269
5.77718
9.4061
6.11941
1.10712
2.45964
3.80093
2.49084
3.36674
7.20293
5.05487
3.06079
2.3714
5.84508
1.70358
1.95987
1.04171
8.35573
1.75992
